736
2.580000e-03
7.170935e-03
1.176187e-02
1.635280e-02
2.094374e-02
2.553467e-02
3.098561e-02
3.557654e-02
4.016748e-02
4.475841e-02
4.934935e-02
5.394028e-02
5.853122e-02
6.312215e-02
6.771309e-02
7.230402e-02
7.775496e-02
8.234589e-02
8.693683e-02
9.152776e-02
9.611870e-02
1.007096e-01
1.053006e-01
1.098915e-01
1.144824e-01
1.190734e-01
1.245243e-01
1.291152e-01
1.337062e-01
1.382971e-01
1.428880e-01
1.474790e-01
1.529299e-01
1.575209e-01
1.621118e-01
1.675627e-01
1.721537e-01
1.784646e-01
1.821955e-01
1.867865e-01
1.913774e-01
1.968283e-01
2.014193e-01
2.060102e-01
2.106011e-01
2.151921e-01
2.206430e-01
2.252339e-01
2.298249e-01
2.344158e-01
2.398667e-01
2.453177e-01
2.507686e-01
2.553595e-01
2.599505e-01
2.645414e-01
2.691323e-01
2.745833e-01
2.800342e-01
2.846252e-01
2.900761e-01
2.946670e-01
3.001180e-01
3.047089e-01
3.092998e-01
3.190508e-01
3.227817e-01
3.273726e-01
3.328236e-01
3.374145e-01
3.428654e-01
3.508964e-01
3.554873e-01
3.609382e-01
3.663892e-01
3.727001e-01
3.781510e-01
3.844620e-01
3.899129e-01
3.962239e-01
4.042548e-01
4.088457e-01
4.160167e-01
4.214676e-01
4.286385e-01
4.366695e-01
4.306757e-01
4.778356e-01
4.784649e-01
4.857427e-01
4.856242e-01
4.944440e-01
4.998595e-01
5.050204e-01
5.136383e-01
5.245715e-01
5.359723e-01
4.908163e-01
4.968642e-01
5.040789e-01
5.106640e-01
5.133445e-01
5.191013e-01
5.222218e-01
5.269791e-01
5.303143e-01
5.535521e-01
6.366867e-01
6.547177e-01
6.516319e-01
6.694468e-01
6.775751e-01
6.855391e-01
6.923436e-01
7.097989e-01
7.372291e-01
7.670107e-01
7.401711e-01
7.572452e-01
7.629299e-01
7.673230e-01
7.724039e-01
7.836003e-01
8.098909e-01
8.085722e-01
8.322685e-01
8.447337e-01
8.575844e-01
8.551868e-01
8.800958e-01
9.033599e-01
9.161394e-01
9.370251e-01
9.597608e-01
9.969158e-01
1.020997e+00
1.079251e+00
1.091317e+00
1.155557e+00
1.180172e+00
1.232221e+00
1.293039e+00
1.365476e+00
1.342815e+00
1.378045e+00
1.411244e+00
1.388809e+00
1.399090e+00
1.432743e+00
1.345721e+00
1.327625e+00
1.383840e+00
1.432929e+00
1.419262e+00
1.312063e+00
1.421824e+00
1.341958e+00
1.369929e+00
1.482028e+00
1.479080e+00
1.490456e+00
1.500256e+00
1.598897e+00
1.603617e+00
1.693534e+00
1.676037e+00
1.585273e+00
1.426934e+00
1.463366e+00
1.522082e+00
1.566676e+00
1.660918e+00
1.710281e+00
1.654539e+00
1.695442e+00
1.776616e+00
1.792554e+00
1.815503e+00
1.853098e+00
1.850203e+00
1.659067e+00
1.788928e+00
1.945475e+00
2.015952e+00
1.978969e+00
2.169208e+00
2.456607e+00
2.498849e+00
2.533145e+00
2.594742e+00
2.781400e+00
2.943512e+00
3.046010e+00
3.138640e+00
3.152412e+00
3.241584e+00
3.300957e+00
3.384592e+00
3.519373e+00
3.663246e+00
3.791960e+00
3.954879e+00
4.049418e+00
4.147954e+00
4.333014e+00
4.534877e+00
4.559627e+00
4.683613e+00
4.874565e+00
4.887154e+00
4.856065e+00
5.137303e+00
5.265769e+00
5.328018e+00
5.548473e+00
5.467200e+00
5.343061e+00
5.432969e+00
5.448547e+00
5.633072e+00
5.778637e+00
5.931594e+00
6.060427e+00
6.261423e+00
6.374873e+00
6.418596e+00
6.549743e+00
6.382516e+00
6.383007e+00
6.477172e+00
6.576429e+00
6.674548e+00
6.739940e+00
6.710445e+00
6.666539e+00
6.780068e+00
6.903994e+00
7.035402e+00
7.320062e+00
7.666728e+00
7.883190e+00
8.020790e+00
8.158992e+00
8.297194e+00
8.435396e+00
8.573598e+00
8.786422e+00
8.999246e+00
9.212071e+00
9.424895e+00
9.637719e+00
9.850543e+00
1.006337e+01
1.027619e+01
1.048902e+01
1.070184e+01
1.088331e+01
1.106478e+01
1.124625e+01
1.142771e+01
1.160918e+01
1.179065e+01
1.197212e+01
1.215359e+01
1.233506e+01
1.251653e+01
1.276399e+01
1.301146e+01
1.325892e+01
1.350639e+01
1.375385e+01
1.400132e+01
1.424878e+01
1.449625e+01
1.474371e+01
1.499118e+01
1.527919e+01
1.556720e+01
1.585522e+01
1.614323e+01
1.643125e+01
1.671926e+01
1.700727e+01
1.729529e+01
1.758330e+01
1.787132e+01
1.815653e+01
1.844175e+01
1.872697e+01
1.901219e+01
1.929741e+01
1.958263e+01
1.986785e+01
2.015307e+01
2.043829e+01
2.072351e+01
2.091934e+01
2.111517e+01
2.131100e+01
2.150683e+01
2.170266e+01
2.189849e+01
2.209432e+01
2.229015e+01
2.248598e+01
2.268181e+01
2.279713e+01
2.291245e+01
2.302776e+01
2.314308e+01
2.325840e+01
2.337372e+01
2.348903e+01
2.360435e+01
2.371967e+01
2.383499e+01
2.390513e+01
2.397527e+01
2.404541e+01
2.411555e+01
2.418569e+01
2.425584e+01
2.432598e+01
2.439612e+01
2.446626e+01
2.453640e+01
2.456102e+01
2.458565e+01
2.461027e+01
2.463489e+01
2.465951e+01
2.468413e+01
2.470875e+01
2.473338e+01
2.475800e+01
2.478262e+01
2.477997e+01
2.477732e+01
2.477467e+01
2.477202e+01
2.476938e+01
2.476673e+01
2.476408e+01
2.476143e+01
2.475878e+01
2.475613e+01
2.475348e+01
2.475083e+01
2.474819e+01
2.474554e+01
2.474289e+01
2.474024e+01
2.473759e+01
2.473494e+01
2.473229e+01
2.472964e+01
2.472700e+01
2.472435e+01
2.472170e+01
2.471905e+01
2.471640e+01
2.471640e+01
2.471640e+01
2.471640e+01
2.471640e+01
2.471640e+01
2.471640e+01
2.471640e+01
2.471640e+01
2.471640e+01
2.471640e+01
2.471640e+01
2.471640e+01
2.471640e+01
2.471640e+01
2.471640e+01
2.471640e+01
2.471640e+01
2.471640e+01
2.471640e+01
2.471640e+01
2.471640e+01
2.471640e+01
2.471640e+01
2.471640e+01
2.471640e+01
2.448438e+01
2.425235e+01
2.402033e+01
2.378831e+01
2.355628e+01
2.332426e+01
2.309223e+01
2.286021e+01
2.262819e+01
2.239616e+01
2.216414e+01
2.193212e+01
2.170009e+01
2.146807e+01
2.123605e+01
2.100402e+01
2.077200e+01
2.053998e+01
2.030795e+01
2.007593e+01
1.984390e+01
1.961188e+01
1.937986e+01
1.914783e+01
1.891581e+01
1.868379e+01
1.845176e+01
1.821974e+01
1.798772e+01
1.775569e+01
1.752367e+01
1.729164e+01
1.705962e+01
1.682760e+01
1.659557e+01
1.636355e+01
1.613153e+01
1.589950e+01
1.566748e+01
1.543546e+01
1.520343e+01
1.497141e+01
1.473938e+01
1.450736e+01
1.427534e+01
1.404331e+01
1.381129e+01
1.357927e+01
1.334724e+01
1.311522e+01
1.288320e+01
1.265117e+01
1.241915e+01
1.218713e+01
1.195510e+01
1.172308e+01
1.149105e+01
1.125903e+01
1.102701e+01
1.079498e+01
1.056296e+01
1.033094e+01
1.009891e+01
9.866889e+00
9.634866e+00
9.402842e+00
9.170818e+00
8.938794e+00
8.706771e+00
8.474747e+00
8.242723e+00
8.010700e+00
7.778676e+00
7.546653e+00
7.314629e+00
7.082606e+00
6.850582e+00
6.618558e+00
6.386535e+00
6.154511e+00
5.922487e+00
5.690464e+00
5.458440e+00
5.226417e+00
4.994393e+00
4.762369e+00
4.530346e+00
4.298322e+00
4.066299e+00
3.834275e+00
3.602251e+00
3.370228e+00
3.138204e+00
2.906180e+00
2.674157e+00
2.442133e+00
2.210110e+00
1.978086e+00
1.795680e+00
1.759388e+00
1.763034e+00
1.766681e+00
1.770327e+00
1.773974e+00
1.777620e+00
1.787527e+00
1.797434e+00
1.807342e+00
1.817249e+00
1.827156e+00
1.824685e+00
1.822214e+00
1.819743e+00
1.817272e+00
1.814801e+00
1.812330e+00
1.809859e+00
1.807387e+00
1.804916e+00
1.802445e+00
1.799974e+00
1.797503e+00
1.795032e+00
1.792561e+00
1.790090e+00
1.787083e+00
1.784077e+00
1.781070e+00
1.778064e+00
1.775057e+00
1.772051e+00
1.769044e+00
1.766038e+00
1.763031e+00
1.760024e+00
1.757018e+00
1.754011e+00
1.751005e+00
1.747998e+00
1.744992e+00
1.741985e+00
1.738978e+00
1.735972e+00
1.732965e+00
1.729959e+00
1.726952e+00
1.723946e+00
1.720939e+00
1.717933e+00
1.714926e+00
1.713110e+00
1.711293e+00
1.709477e+00
1.707661e+00
1.705844e+00
1.704028e+00
1.702212e+00
1.700395e+00
1.698579e+00
1.696763e+00
1.694946e+00
1.693130e+00
1.691314e+00
1.689498e+00
1.687681e+00
1.685865e+00
1.684049e+00
1.682232e+00
1.680416e+00
1.678600e+00
1.676783e+00
1.674967e+00
1.673151e+00
1.671334e+00
1.669518e+00
1.667702e+00
1.665885e+00
1.664069e+00
1.662253e+00
1.660436e+00
1.658620e+00
1.656804e+00
1.654987e+00
1.653171e+00
1.651355e+00
1.649538e+00
1.647722e+00
1.645906e+00
1.644090e+00
1.642273e+00
1.640457e+00
1.638641e+00
1.636824e+00
1.635008e+00
1.633192e+00
1.631375e+00
1.629559e+00
1.627743e+00
1.625926e+00
1.624110e+00
1.621955e+00
1.619800e+00
1.617645e+00
1.615489e+00
1.613334e+00
1.611179e+00
1.609024e+00
1.606869e+00
1.604714e+00
1.602558e+00
1.600403e+00
1.598248e+00
1.596093e+00
1.593938e+00
1.591783e+00
1.589627e+00
1.587472e+00
1.585317e+00
1.583162e+00
1.581007e+00
1.578852e+00
1.576696e+00
1.574541e+00
1.572386e+00
1.570231e+00
1.568076e+00
1.565921e+00
1.563766e+00
1.561610e+00
1.559455e+00
1.557300e+00
1.555145e+00
1.552990e+00
1.550835e+00
1.548679e+00
1.546524e+00
1.544369e+00
1.542214e+00
1.540059e+00
1.537904e+00
1.535748e+00
1.533593e+00
1.531438e+00
1.529283e+00
1.527128e+00
1.524973e+00
1.522817e+00
1.520662e+00
1.518507e+00
1.516352e+00
1.513839e+00
1.511326e+00
1.508813e+00
1.506300e+00
1.503787e+00
1.501274e+00
1.498762e+00
1.496249e+00
1.493736e+00
1.491223e+00
1.488710e+00
1.486197e+00
1.483684e+00
1.481171e+00
1.478658e+00
1.476145e+00
1.473632e+00
1.471119e+00
1.468607e+00
1.466094e+00
1.463581e+00
1.461068e+00
1.458555e+00
1.456042e+00
1.453529e+00
1.451016e+00
1.448503e+00
1.445990e+00
1.443477e+00
1.440964e+00
1.438451e+00
1.435939e+00
1.433426e+00
1.430913e+00
1.428400e+00
1.425887e+00
1.423374e+00
1.420861e+00
1.418348e+00
1.415835e+00
1.413322e+00
1.410809e+00
1.408296e+00
1.405784e+00
1.403271e+00
1.400758e+00
1.398245e+00
1.395732e+00
1.393219e+00
1.390706e+00
1.388427e+00
1.386148e+00
1.383869e+00
1.381590e+00
1.379311e+00
1.377032e+00
1.374753e+00
1.372474e+00
1.370195e+00
1.367916e+00
1.365637e+00
1.363358e+00
1.361079e+00
1.358800e+00
1.356521e+00
1.354242e+00
1.351963e+00
1.349684e+00
1.347405e+00
1.345126e+00
1.342847e+00
1.340568e+00
1.338289e+00
1.336010e+00
1.333731e+00
1.331452e+00
1.329173e+00
1.326894e+00
1.324615e+00
1.322336e+00
1.320057e+00
1.317778e+00
1.315499e+00
1.313220e+00
1.310941e+00
1.308662e+00
1.306383e+00
1.304104e+00
1.301825e+00
1.299546e+00
1.297267e+00
1.294988e+00
1.292709e+00
1.290430e+00
1.288151e+00
1.285872e+00
1.283593e+00
1.281314e+00
1.279035e+00
1.276756e+00
